	Year	Bretan	Amsterdam	Porto	NHT	PDO	AMO	NAO
1	1901	4.54	4.04	3.61	0.109	0.78	0.226	2.53
2	1902	5	4.18	3.73	-0.047	3.28	0.023	1.41
3	1903	3.86	3.54	3.09	-0.038	0.95	0.059	4.86
4	1904	4.71	4.25	4.11	-0.224	2.73	-0.149	2.64
5	1905	3.85	3.28	3.25	-0.047	2.23	-0.05	2.23
6	1906	4.18	3.55	3.4	-0.016	1.3	0.012	2.64
7	1907	3.86	3.85	3.63	-0.251	1.88	-0.146	2.41
8	1908	5.01	4.61	3.74	-0.319	1.73	0.027	1.98
9	1909	4.41	3.84	3.71	-0.22	0.71	-0.004	2.59
10	1910	3.38	3.42	3.28	-0.17	0.5	-0.076	3.85
11	1911	4.81	3.87	3.1	-0.237	0.65	-0.063	3.02
12	1912	5.28	4.81	4.37	-0.131	1.1	-0.113	3
13	1913	5.41	5.24	4.95	-0.049	1.22	-0.21	4.62
14	1914	4.5	4.05	4.31	0.096	0.74	-0.112	2.45
15	1915	6.39	5.95	5.36	0.002	1.43	0.319	2.91
16	1916	5.13	4.84	4.5	-0.169	-0.49	0.03	3.82
17	1917	4.64	4.14	3.82	-0.146	-0.69	-0.15	2.47
18	1918	4	3.59	3.41	-0.011	1.51	-0.099	3.87
19	1919	4.75	4.84	4.63	-0.135	0.47	-0.054	4.03
20	1920	4.91	4.97	4.45	-0.093	-0.59	-0.25	3.08
21	1921	6.25	5.69	5.13	0.09	-0.25	-0.052	3.2
22	1922	3.97	3.14	3.09	-0.142	0.27	-0.202	2.97
23	1923	3.63	3.55	2.79	0.154	0.49	-0.057	2.77
24	1924	4.4	4.13	3.77	-0.115	-0.32	0.048	3.86
25	1925	4.06	3.82	4.01	0.09	0.51	0.049	4.23
26	1926	3.98	3.45	3.19	0.333	2.26	0.18	2.33
27	1927	3.63	3.47	3.13	0.212	1.2	0.194	2.58
28	1928	4.31	3.85	3.67	0.168	1.09	0.105	3.52
29	1929	5.39	4.79	4.27	0.011	1.44	-0.012	3.8
30	1930	4.21	3.83	3.29	0.238	0.83	0.291	1.84
31	1931	5.31	5.15	4.5	0.221	2.01	0.323	2.78
32	1932	3.88	3.86	3.76	0.38	0.19	0.391	3.47
33	1933	4.5	4.23	4.39	0.02	-0.6	0.335	2.65
34	1934	5.45	4.96	4.18	0.193	1.79	0.175	3.27
35	1935	4.55	4.26	4.07	0.494	1.35	0.146	2.7
36	1936	5.9	5.18	4.73	0.18	2.61	0.218	2.67
37	1937	4.6	4.69	4.39	0.335	1.32	0.616	2.31
38	1938	4.82	4.51	4.61	0.271	1.03	0.359	3.24
39	1939	4.89	4.37	4.4	0.562	1.37	0.33	2.91
40	1940	5.03	4.42	4	0.183	2.66	0.11	1.46
41	1941	6.46	6.3	5.31	0.298	3.07	0.421	1.44
42	1942	4.29	4.04	3.84	0.177	2.48	0.265	1.47
43	1943	4.64	4.26	3.73	0.385	1.79	0.234	4.26
44	1944	4.6	4.28	4.1	0.643	0.86	0.451	3.63
45	1945	5.25	5.72	5.57	0.255	0.38	0.419	4.67
46	1946	6.35	6.42	6.15	0.317	0.68	0.285	2.66
47	1947	4.28	3.74	3.09	0.403	1.6	0.056	6.66
48	1948	3.73	3.47	3.09	0.44	0.64	0.144	3.48
49	1949	4.68	4.36	4.05	0.355	-0.9	0.169	4.01
50	1950	4.4	4.67	4.56	-0.008	-1.2	0.12	3.31
51	1951	4.47	4.34	3.86	0.483	-0.1	0.432	2.54
52	1952	3.91	4.15	4.25	0.253	-0.41	0.414	2.79
53	1953	4.75	4.56	3.84	0.274	0.17	0.354	3.26
54	1954	4.76	4.74	5.22	0.198	0.86	0.237	2.49
55	1955	5.3	4.79	4.54	0.374	-0.18	0.397	2.4
56	1956	4.46	4.55	4.91	-0.086	-0.35	0.197	4.54
57	1957	4.46	4.33	4.83	0.356	1.89	0.231	2.53
58	1958	4.4	3.89	3.64	0.507	1.62	0.357	1.79
59	1959	4.5	4.05	3.78	0.24	1.38	0.136	2.46
60	1960	4.45	4.38	4.07	0.33	1.07	0.346	1.93
61	1961	4.21	4.34	4.87	0.308	0.92	0.237	4.06
62	1962	4.99	4.6	5.45	0.322	-0.2	0.201	2.44
63	1963	4.98	4.75	4.69	0.465	0.85	0.177	2.79
64	1964	3.93	3.51	3.74	0.079	0.48	0.051	2.51
65	1965	3.96	3.58	3.66	0.073	0.78	-0.067	2.14
66	1966	3.83	4.01	4	0.159	0.04	0.091	1.68
67	1967	4.29	3.54	3.29	0.274	0.29	0.099	3
68	1968	4.64	4.11	3.62	0.341	0.41	-0.097	1.65
69	1969	5.7	5.15	4.8	0.273	1.08	0.218	3.7
70	1970	4.32	3.89	3.56	0.19	1.18	0.031	2.52
71	1971	4.66	4.49	4.3	0.008	-0.23	-0.223	1.63
72	1972	5.32	5.04	4.77	-0.066	-0.04	-0.265	2.11
73	1973	4.67	3.96	3.64	0.355	-0.22	-0.091	2.32
74	1974	4.48	4.22	4.22	-0.133	0.6	-0.263	3.75
75	1975	5.44	4.37	3.82	0.121	-0.66	-0.172	2.43
76	1976	4.63	4.64	4.6	-0.054	1.31	-0.172	1.87
77	1977	5.04	5.77	5.98	0.235	1.4	-0.092	1.64
78	1978	4.68	4.06	3.15	0.138	1.07	-0.092	3.91
79	1979	5.71	5.87	6.06	0.472	1.06	-0.027	2.53
80	1980	3.7	3.48	3.58	0.207	0.92	0.145	1.72
81	1981	5.57	5.46	5.53	0.621	1.77	0.022	1.74
82	1982	4.85	4.45	4.43	0.269	0.53	-0.058	2.64
83	1983	4.52	4.22	4.57	0.495	2.41	0.102	4.82
84	1984	4.35	4.12	4.08	0.165	1.55	-0.066	2.53
85	1985	4.89	4.83	4.51	-0.025	0.9	-0.106	2.33
86	1986	5.37	5.2	4.78	0.241	1.66	-0.198	3.42
87	1987	5.78	4.94	4.58	0.416	1.68	0.301	2.59
88	1988	5.86	5.54	5.38	0.44	0.52	0.185	1.85
89	1989	4.27	3.87	3.62	0.264	0.47	0.196	3.61
90	1990	4.32	4.33	3.91	0.92	-0.2	0.166	5.11
91	1991	5.71	5.25	5.17	0.499	0.43	-0.019	2.71
92	1992	3.99	3.55	3.22	0.539	1.45	-0.075	4.52
93	1993	5.47	5	4.54	0.437	1.96	-0.147	3.91
94	1994	5.25	4.9	4.33	0.495	0.86	-0.003	3.68
95	1995	4.66	4.14	4.89	0.994	1.02	0.38	3.13
96	1996	5.65	5.33	5.01	0.393	1.93	0.026	1.47
97	1997	5.53	5.24	5.01	0.621	2.33	0.167	5.26
98	1998	4.61	4.24	4.21	0.958	1.51	0.529	2.44
99	1999	4.86	4.16	3.63	0.927	-0.64	0.324	2.13
100	2000	3.3	3.24	3.1	0.717	0.06	0.122	4.37
101	2001	5.23	4.44	3.61	0.868	0.64	0.304	1.64
102	2002	5.37	4.8	4.04	1.072	1.63	0.199	3.01
103	2003	4.16	3.86	3.81	0.887	1.58	0.47	1.34
104	2004	5.75	5.12	4.8	0.906	0.23	0.335	2.51
105	2005	4.46	4.21	4.07	0.931	1.06	0.465	1.82
106	2006	5.32	4.64	3.87	1.061	0.54	0.419	3.08
107	2007	2.99	2.9	3.53	1.303	0.16	0.236	2.03
108	2008	4.67	3.85	3.48	0.94	-1.26	0.275	1.87
109	2009	3.71	3.47	3.15	0.763	0.19	0.247	1.74